637569421,9,10,11,12,30,32,33,34,35,36,39
637634957,5,17,19,20,21,26,27,28,32,33,51,64,66,67,69
637632909,17,25,26,27,28,33,34,35,36,47,48,49,50,51,53,54,55,62,63,65
637567693,32,33,34,35,42
637637453,19
637568109,31
637633709,25,26,48,49,51
637568269,76
637567085,48
637567181,42
637635089,33,37,48,74
637567729,9,10,11,12,13,14,15,16,18,20,21,22,23,27,28,29,30,31,32,33,34,35,36,37,38,39,40,41,42,43,44,45,46,47,48
637633265,11,13,14,25,26,27,28,29,30,31,32,33,34,35,36,37,38,39,40,41,42,43,44,45,47
637568017,53,54,56,59
637635633,15,16,20,31,33,34,38,39,41,43,45,50,51,52,53,54,55,56,63,64,65,66,67,68,69,70,77,78,79
637570353,1,2,3,4,5,6,7,8,9,10,11,12,13,14,15,16,17,18,19,20,21,22,23,24,25,26,27,28,29,30,31,32,33,34,36,39,40,42,43,44,45,46,47,48,49,50,51,52,53,54,55,56,57,58,59,60,61,62,63,64,65,66,67,68,69,70,71,72,73,74,75,76,80,81,82,83,84
637635889,1,2,5,7,8,9,10,11,12,13,14,15,16,17,18,19,20,21,22,23,24,25,26,27,28,29,30,31,32,33,34,35,36,37,38,39,40,41,42,43,44,45,46,47,48,49,50,51,52,53,54,55,56,58,59,60,61,62,63,64,65,66,67,68,69,70,71,72,73,74,75,76,77,78,79,80,81,82,83,84
637634001,42
637600049,68
637571805,32,34
637567709,32
637637341,32,33,34,35
637633245,4,5
637567869,1,3,4,5,6,7,8,9,10,11,12,13,14,15,16,17,18,19,20,21,22,23,24,25,26,27,28,29,30,31,32,33,34,35,36,37,38,39,40,41,42,43
637633405,13,14,15,16,17,18,22,33
637569949,17,18,25,27,29,38,39,40,41,44,45,46,47,48,49,58,59,60,64,71,73,75,82
637635613,18,20,29,30,31,32,33,34,35,45,48,53,72,73,74,75,76,78,80,82,83
637570205,1
637632573,39
637569085,31,33,36,37,38,39,40,41
637571197,6,7,8,9,10,11,12,13,14,15,16,17,18,19,20,21,22,23,24,25,26,27,28,29,30,31,32,33,34,35,36,37,38,39,40
637567101,33,35,36
637636733,26,27,28,33
637632829,17,18,19,20,21,22,46,48,49,50,51
637634969,2,46,48,72,76
637567513,12,13,46,47,48,49,50,51,52,77,78
637567545,46
637633113,2
637633177,33,35,48,54,58,59,89
637633529,35
637634041,1
637634585,33,34,47
637599801,32,33,35,37,39,41,46,47,48,49,50,51,52,53,54,55
637567065,33
637571417,1,2
637633077,4,7,9,12,13,15,17,19,20,22,31,32,34,35,37,38,55,60,78,79
637633141,24,25,26,27,28,29,30,31,32,33,34,35,36,37
637567605,15,16,17,18,19,20,21,22,23,24,25,26,27,28,29,30,31,32,33,34,35,36,40
637600693,61,62,63,64,65,66,67
637633589,25
637568117,31
637633781,16,18,29,51,60
637633845,1
637568309,1
637633909,1
637569077,2
637566997,47
637567061,42
637634741,64,66,67
637608164,3
637649124,2,10,13
637583592,23,21,19,17
637649128,12,15
637587684,1
637567336,21
637600104,25
637571432,2,23
637636968,2,8
637567460,7
637632996,26,27,28,30
637587812,23,19
637653348,2,5
637600232,24,23,21,17
637579748,14,12,11,10
637575652,31,29
637579752,15,27
637608424,31
637583848,22,19,17
637567588,11
637600356,27
637633124,19,20,22,23
637587944,5,3
637571688,7,6,5,4,3,2
637612644,17
637575780,3
637579880,29
637612648,31,25
637641320,28
637604580,23
637567720,27
637588072,15,13,12,11,9
637641444,25,27,30
637616868,23
637649636,20
637580008,1
637645544,12,14
637575912,23,18
637608680,15,13,9,24,23,22,21,19,17
637649640,10,12
637632612,26,27,31,32
637599848,3,23
637571176,15
637603944,15,10
637640804,18,20,23
637583460,7
637644904,4
637616232,15
637632740,12,26,28,30
637604068,5
637636836,4,18,22,26,28,30
637599976,15,13,10,9
637579460,1
637571396,23,17
637612356,15,13,11,18
637620548,13
637587784,15,23,21
637649348,14
637645384,9,10,15
637653572,17,18,20,21,22,23,24
637649604,2
637575880,15
637599812,18
637632584,21
637603912,17
637644872,2,17,23
637608008,19
637604036,15
637620388,13
637620392,1
637645092,22
637575464,7
637633060,8,15
637575716,26
637641256,2,8,10,14,16
637612584,8,5
637645352,26,27
637583912,7,6,5,4,3,2,1
637649448,6
637604516,12,25
637579940,6
637640740,18
637612068,5
637636648,12
637636776,28,29
637579400,29,27
637575304,15,14,12,11,10,9
637608072,12
637583496,14,12,11,10,9
637587588,10
637600008,6
637587592,14,10,1,32,31,24
637571336,8,7,6,5,3,1
637636872,28
637579524,16,13
637579528,8,7,6,5,4,3,2,1,18,17
637575432,14,10
637608200,5
637583624,15,13,10,9
637600132,28,31
637604228,21,22
637567368,25
637600136,3
637571464,15,13,11,10,9,21,19
637579652,7,5,2
637575560,4
637649288,12
637571592,15,14,13,11
637579780,7
637612548,6
637575684,15,11
637616648,19
637620740,28
637567624,16,15,13,10,17
637587976,8,1,31
637604488,15
637579912,31,28
637649544,26
637571076,13
637566984,8,4,3,2,1
637579272,8,7,5,1,30,29,25
637575176,15
637583368,13,17
637567112,26,25
637632648,30
637653000,3
637571208,19
637612262,29
637575398,17
637575402,8,3
637608170,7,6,1
637640938,13
637571430,19
637604198,23
637636966,7,18,20,22,23
637571434,15,23
637636970,6
637575526,5,24,23
637616490,1
637653354,4
637612518,16,15,13,12
637616614,15,13,5,1,23
637649382,4,20,30
637579754,16,15,14,13,12,11,10,9
637612522,25
637587942,27
637620710,7,6,5,4,3,2,1,31,29,27,25
637653478,16,22,30
637571690,29
637604458,31
637637226,6
637579878,23
637583974,4,3,31
637649510,20,22
637645418,26
637608554,25
637600486,19,17
637588070,12,11
637653606,18,22,23
637604582,16,15,14,13,12,11,10,9
637588074,10
637620842,1
637641446,18
637616874,7
637649642,22
637567078,26
637632614,14
637620970,23,21,17
637644902,10,12
637640806,7,26,28,29
637579370,27
637612138,23
637644906,31
637575274,3
637640810,6
637583466,1
637616234,11
637649002,2
637587558,1
637571302,8,7,5,3
637604074,7,1
637636842,23
637608266,31
637637062,23
637579718,8,7,6,3,2
637579722,27
637575626,1
637579846,13
637612614,1
637604554,27
637579974,20
637579978,19
637575882,1
637640778,2
637604038,19
637653162,2,6,7,8
637649194,7
637641126,8
637645226,32
637583782,15,13,12,7,6
637641254,16
637571622,23
637612586,16
637637290,8,26
637567014,1
637587498,27,25
637653034,17
637583494,13
637571334,23,20
637567242,1
637632778,10,12
637579530,31,26,25
637567370,31,27,26
637620490,20
637571466,3
637579654,15
637612422,7,8
637579658,15,14,13,11,10,9
637575562,16
637583754,11
637567498,16
637571594,7
637608454,14
637583878,16,15,14,13,10,9
637616646,19
637575690,1
637583882,11,29,28,27,26,25
637587978,24,23,22,20,19,18,17
637571722,15,10,9
637608582,4,6
637612682,30
637645450,19
637575818,8,7,5,4,2,1,32,31,30,29,28,27,26,25
637584010,15
637620870,26,29,30,31
637632522,18,20
637571082,1
637575178,1
637583370,15,13
637571210,7,1
