637653190,30
637571526,4,5,7,31
637620554,1
637579718,1,4,5
637575626,1
637579846,13
637612614,1
637641290,13
637649482,29
637579978,19
637575882,1
637588166,1,2,3,4,5,6,7,8,9,10,11,12,13,14,15,16,17,18,19,20,21,22,23,24,25,26,27,28,29,30,31,32
637620934,1,2,3,4,5,6,7,8,9,10,11,12,13,14,15,16,17,18,19,20,21,22,23,24,25,26,27,28,29,30,31,32
637653702,1,2,3,4,5,6,7,8,9,10,11,12,13,14,15,16,17,18,19,20,21,22,23,24,25,26,27,28,29,30,31,32
637620938,1,3,4,5,6,7,8,9,10,11,12,13,14,15,16,17,18,19,20,21,22,23,24,25,26,27,28,29,30,31,32
637583430,23
637640778,2
637648970,1,2,3,4,5,6,7,8
637571270,30
637653066,6
637579494,21
637612262,29
637575398,17
637608166,1
637579498,1
637575402,1,2,3,8
637608170,1,6,7,32
637567334,17,18
637620454,1
637571430,1,19
637604198,23
637636966,7,18,20,22,23
637571434,23
637636970,6
637575526,1,5,22,23,24
637608294,2
637616490,1
637567462,1
637653354,4
637579750,27,28,29,30,31,32
637612518,9,10,11,12,13,14,15,16
637583846,1
637616614,1,5,11,13,15,23
637649382,4,25,26,27,28,30
637579754,9,10,11,12,13,14,15,16
637612522,25
637620710,1,2,3,5,6,7,25,27,29,31
637653478,13,15,16,22,30
637653482,17
637571690,29
637604458,31
637637226,6
637579878,1
637612646,1
637575782,7,10
637583974,3,4,31
637649510,20,22
637645418,26
637575786,31
637583978,29
637600486,17,19
637588070,11,12
637653606,18,22,23
637571814,27
637604582,9,10,11,12,13,14,15,16
637588074,10
637620842,1
637612774,1
637645542,10
637641446,18
637584102,1
637616870,1
637580010,1
637584106,1
637616874,1,7
637649642,4,22
637567078,26
637599846,1
637632614,14
637588198,1,4,21
637603942,1
637567082,4
637620970,17,21
637571178,25,26,27,28,29,30,31,32
637603946,1
637579366,1
637612134,1
637644902,10,12
637575270,1
637640806,7,28,29
637583462,1
637579370,27
637612138,1,23
637644906,31
637575274,3
637608042,22
637640810,6
637583466,1,23
637616234,11
637649002,2
637567206,1
637599974,1
637587558,1
637571302,1,3,7,8
637604074,1,7
637636842,23
637579460,1
637575364,32
637608132,1
637616324,1
637583560,28
637571396,23
637612356,11,13,15,18
637645124,13
637616456,16
637604292,15,16
637587784,15,21,23
637649348,14
637583816,29
637579844,32
637616708,1
637645384,10,15
637653572,17,18,20,21,22,23,24
637604548,1
637637316,1
637620808,1
637571784,1
637604552,1
637608644,1
637649604,2
637575880,15
637632580,1
637603912,17
637612100,1
637608004,1
637612104,1
637644872,2,17
637608008,19
637648968,17
637599940,1
637604036,15
637620296,1
637608164,1
637583588,1,25
637649124,2,10,12,13,16
637583592,1,17,19,21
637649128,12,15
637567332,1
637600100,25
637587684,1
637567336,21
637600104,25,32
637653224,1,2,3,4,5,6,7,8,9,10,11,12,13,14,15,16,17,18,19,20,21,22,23,24,25,26,27,28,29,30,31,32
637571432,23
637636968,2,8
637579620,1
637575524,1
637608292,1
637575528,1
637567460,1,7
637600228,1,21
637632996,28,30
637587812,1,17,19,21,23
637653348,5
637571556,1,15
637600232,17,21,23,24
637571560,1
637604328,1
637579748,1,10,11,12,13,14
637612516,1
637575652,1,25,29,31
637608420,1,27
637616612,1
637579752,15
637612520,1
637608424,31
637583848,17,19,22
637616616,1
637567588,11
637633124,19,23
637604452,1
637587944,2,3,5
637620712,1
637653480,14
637571688,1,2,3,4,5,6,7
637612644,1,17
637575780,3
637583972,1
637616740,1
637579880,29
637612648,25,27,31
637641320,28
637567716,1
637600484,1
637588068,1
637604580,1,23
637567720,1,27
637600488,1
637588072,9,11,12,13,15
637653608,21
637604584,1
637580004,1
637612772,1
637608676,1,15
637641444,25,27,30
637616868,1
637649636,20
637580008,1
637645544,12,14
637575912,23
637608680,9,13,15,17,19,21,22,23,24
637616872,1
637649640,2,10,12
637567076,1,27
637632612,26,27,31,32
637588196,1,22
637620964,1
637571172,1
637599848,1,3,5,23
637588200,1
637571176,15
637603944,10,15
637612132,1
637608036,1
637640804,18,23
637583460,1,7
637616228,1
637644904,4
637640808,1
637583464,1
637616232,15
637632740,26,28,30,32
637587556,1,2,3
637604068,5
637636836,4,18,22,26,28,30
637599976,9,10,13,15
637620328,1
637636840,32
