637653190,30
637620554,1
637579718,1,4,5
637575626,1
637649482,29
637648970,1,2,3,4,5,6,7,8
637571270,30
637653066,6
637608166,1
637579498,1
637575402,1,3
637608170,32
637620454,1
637571430,1
637575526,1
637567462,1
637579750,27,28,29,30,31,32
637612518,9,10,11,12,13,14,15,16
637583846,1
637616614,11
637649382,25,26,27,28
637579754,9,10,11,12,13,14,15
637620710,5
637579878,1
637612646,1
637604582,9,11,15
637612774,1
637584102,1
637616870,1
637616874,1
637599846,1
637588198,1,4
637603942,1
637571178,25,26,27,28,29,30,31,32
637603946,1
637579366,1
637612134,1
637575270,1
637583462,1
637612138,1
637608042,22
637583466,23
637567206,1
637599974,1
637587558,1
637571302,1,7
637636842,23
637575364,32
637608132,1
637616324,1
637583560,28
637616456,16
637604292,15,16
637583816,29
637579844,32
637616708,1
637604548,1
637637316,1
637620808,1
637571784,1
637604552,1
637608644,1
637632580,1
637612100,1
637608004,1
637612104,1
637648968,17
637599940,1
637620296,1
637608164,1
637583588,1
637583592,1,17,19,21
637567332,1
637587684,1
637653224,1,2,3,4,5,6,7,8,9,10,11,12,13,14,15,16,17,18,19,20,21,22,23,24,25,26,27,28,29,30,31,32
637579620,1
637575524,1
637608292,1
637575528,1
637567460,1
637600228,1
637587812,1,17
637571556,1
637600232,21
637571560,1
637604328,1
637579748,1,10,11,13
637612516,1
637575652,1
637608420,1,27
637616612,1
637612520,1
637616616,1
637604452,1
637620712,1
637571688,1,5
637612644,1
637583972,1
637616740,1
637567716,1
637600484,1
637588068,1
637604580,1
637567720,1
637600488,1
637588072,9,15
637604584,1
637580004,1
637612772,1
637608676,1
637616868,1
637608680,17
637616872,1
637649640,2
637567076,1
637588196,1
637620964,1
637571172,1
637599848,1,3
637588200,1
637612132,1
637608036,1
637583460,1
637616228,1
637640808,1
637583464,1
637587556,1
637620328,1
637636840,32
