637569421,9,10,11,12,30,32,33,34,35,36,39,78,79
637632909,17,24,25,26,27,28,33,34,35,36,47,48,49,50,51,53,54,55,56,62,63,64,65
637569837,3,4,5,8,9,10,11,12,13,14,22,26,27,28,36,37,57,58,59,60,61,62,71,72,73,74,75,76,77,78,79,80,81,82,83,84
637571917,29,30,31,32,33,34
637637453,19
637567885,69
637633709,25,26
637633773,14
637568269,76
637567181,42
637635089,33,48,73,74,78,80
637567729,9,10,11,12,13,14,15,16,18,20,21,22,23,27,28,29,30,31,32,33,34,35,36,37,38,39,40,41,42,43,44,45,46,47,48
637633265,11,13,14,25,26,27,28,29,30,31,32,33,34,35,36,37,38,39,40,41,42,43,44,45,47,48
637635633,15,16,20,31,33,34,38,39,41,43,45,50,51,52,53,54,55,56,63,64,65,66,67,68,69,70,77,78,79
637572433,1,2,3,4,5,6,9,10,11,12,13,14,25,29,30,31
637637969,15,16,17,18,19,20,21,23,24,27,28,29,32,33,34,35,39,41
637570449,17
637572593,1,2,3,4,5,6,7,8,9,16
637634001,42
637600049,68
637567613,4,5,6,9,10,11,12,13,14,15,16,17,18,19,20,21,22,23,24,25,26,27,28,29,30,31,32
637633149,7,8,9,10,11,12,13,14,15,16,17,18,19,20,21,23,24,26
637571805,32,34
637567709,32
637637341,32,33,34,35
637633245,4,5
637569949,17,18,25,27,29,38,39,40,41,44,45,46,47,48,49,58,59,60,64,71,73,75,82
637633437,31,32,33,34,35,36,37
637635613,4,6,18,20,29,30,31,32,33,34,35,45,48,53,72,73,74,75,76,78,79,80,82,83
637635741,43
637572605,48
637632573,39
637569085,31,33,36,37,38,39,40,41
637571197,6,7,8,9,10,11,12,13,14,15,16,17,18,19,20,21,22,23,24,25,26,27,28,29,30,31,32,33,34,35,36,37,38,39,40
637567101,1,14,15,16,17,18,19,20,21,22,23,24,25,26,27,28,29,30,31,32,33,34,35,36,37,38,39,40,41,43
637632637,17,22,24,25,26,27,28,29,30,31,32,33,41
637632669,46
637632829,17,18,19,20,21,22,46,48,49,50,51
637635001,11
637567513,10,12,13,77,78
637567545,46
637567641,46,47,48,49,50,51,52,53,54,55,56,57,58,59,60,61,62,63,64,65,66,67,68,69,70,71,72,73,74,75,89,90
637633177,45,46,47,48,49,50,51,52,53,54,55,56,57,58,59,60,76,77,78,79,80,81,82,83
637570105,49,50,51,52,53,54,55,56
637634041,1
637599801,23,27,29,31,32,33,34,35,36,37,38,39,41,42,43,44,45,46,47,48,49,50,51,52,53,54,55,56,57,58,59,60,61,62,63,64,65,66,72
637567065,33
637571417,1
637632949,39,41,42,43,44,61,62,63,64,66,67,76,77,78,83,85,86,87,88
637600309,61
637633077,3,4,7,9,12,13,15,17,19,20,22,31,32,34,35,37,38,55,78,79
637572085,12
637633781,16,18,29,51,60
637633845,1
637568309,1
637633909,1
637570325,77
637569077,2
637567061,42
637634741,66,67
637608164,3
637649124,2,10
637583592,21,19,17
637600100,25
637567336,21
637571432,23
637636968,8
637632996,26,28,30
637587812,23,19
637600232,23,21,17
637579748,12,11,10
637575652,31,29
637579752,15,27
637608424,31
637583848,22,19,17
637567588,11
637633124,19,22,23
637587944,5
637571688,7,6,5,4,3,2
637612644,17
637575780,3
637579880,29
637612648,31,27,25
637620836,1
637571812,1
637604580,23
637567720,27
637588072,15,13,12,11,9
637641444,25,27
637649636,20
637645544,12
637575912,23
637608680,15,13,9,24,23,21,19,17
637649640,10,12
637632612,26,27,32
637599848,3,23
637571176,15
637640804,18,23
637583460,7
637616232,15
637632740,26,28,30
637571300,9
637604068,5
637636836,4,26,28
637599976,15,10,9
637649092,21
637579464,19
637571396,23
637612356,15,13,11,18
637575496,23
637587780,11,26,24,21
637620548,10,21,17
637653316,1,5,13,20,25
637587784,15,23,21
637620552,1
637645252,10
637649348,14
637645384,10,15
637653572,18,20,22,23,24
637649604,2
637575880,15
637603912,17
637644872,2,17
637608008,19
637604036,15
637620388,13
637575464,7
637641256,2,8,10,14,16
637612584,8
637645352,27
637583912,16,15,14,13,12,11,10,9,8,7,6,5,4,3,2,1,32,31,30,29,28,27,26,25,24,23,22,21,20,19,18,17
637616680,16,15,14,13,12,11,10,9,8,7,6,5,4,3,2,1,32,31,30,29,28,27,26,25,24,23,22,21,20,19,18,17
637649448,1,2,3,4,5,6,7,8,9,10,11,12,13,14,15,16,17,18,19,20,21,22,23,24,25,26,27,28,29,30,31,32
637604516,12,25
637579940,8,5
637640740,18
637612068,5
637644836,2
637636648,12
637636776,29
637579400,29,27,25
637575304,15,14,12,11,10,9
637608072,12
637640840,30
637583496,15,14,12,11,10,9
637600004,6
637587588,10
637587592,14,1,31
637571336,8,7,3,1
637579524,16,13
637579528,8,7,6,5,4,3,2,1,18,17
637575432,14,10
637583624,15,13,10,9
637600132,2,31
637604228,21,22
637600136,3
637632904,2
637571464,13,10,9,21,19
637579652,7,3,2
637649288,12
637612548,2,3,6,7
637575684,15,14,11
637616648,19
637620740,28
637567624,16,15,13,10,17
637587976,8,7,6,5,3,2,1,31
637604488,15
637579912,31
637649544,26
637571076,13
637566984,8,4,3,2,1
637579268,15
637579272,8,7,1,30,29,25
637575176,15
637583368,17
637567112,26
637632648,30
637571208,19
637612262,29
637575398,17
637575402,8,3
637608170,7,6,1
637583594,32
637571430,19
637604198,23
637636966,7,18,20,22,23
637571434,15,23
637636970,6
637575526,5,24,23
637616490,1
637653354,4
637612518,16,15,13,12
637616614,15,13,5,1,23
637649382,20,30
637579754,16,15,14,13,12,11,10,9
637612522,25
637587942,29,27,25
637620710,7,6,5,4,3,2,1,31,29,27,25
637653478,3,4,5,6,8,16,22,30
637604458,31
637579878,23
637583974,4,3
637649510,22
637645418,26
637600486,19,17
637588070,11
637653606,18,22,23
637604582,16,15,14,13,12,11,10,9
637588074,15,13,10,9
637620842,1
637645542,10
637575910,15
637641446,18
637616874,7
637567078,26
637632614,14
637620970,23,21,17
637644902,10,12
637575270,1
637640806,7,28
637579370,27
637612138,23
637644906,31
637575274,3
637616234,11
637649002,2
637571302,8,7,3
637636838,10
637604074,7,1
637636842,23
637608266,31
637571526,31
637575626,1
637604422,7
637579846,13
637612614,1
637604550,19
637579978,19
637575882,1
637620938,25
637575242,10,9,27,26,25,24,23,22,21,19,18
637608010,16,15,14,13,12,11,10,9,8,7,6,5,4,3,2,1,32,31,30,29,28,27,26,25,24,23,22,21,20,19,18,17
637640778,2
637583434,31
637604038,19
637632806,2
637653162,2,6,7,8
637649190,2
637649194,7,8
637645226,32
637649322,30
637641254,16
637571622,23
637612586,16
637649450,22
637575850,12
637637290,8,26
637567014,1
637588138,11
637640742,12
637587498,27
637583494,13
637579402,21
637567242,1
637579530,31,26,25
637567370,31,29,27,26
637571466,3
637579654,15
637612422,7,8,26
637579658,15,14,13,12,11,10,9
637575562,16
637608330,6
637583754,11
637567498,16
637571594,7
637608454,14
637583878,16,15,14,13,12,11,10
637616646,19
637575690,1
637583882,11,29,28,27,26,25
637587978,24,23,22,20,19,18,17
637571722,15,10,9
637608582,4,6
637575818,8,7,2,1,32,31,30,29,28,27,26,25
637584010,15
637620870,26
637632522,18
637571082,7,1
637583370,15,13
637571210,7
