637566989,5
637632525,5
637566993,5
637632529,5
637566997,5
637632533,5
637567001,5
637632537,5
637567005,5
637632541,5
637567117,5
637632653,5
637567121,5
637632657,5
637567125,5
637632661,5
637567129,5
637632665,5
637567133,5
637632669,5
637567245,5
637632781,5
637567249,5
637632785,5
637567253,5
637632789,5
637567257,5
637632793,5
637567261,5
637632797,5
637567373,5
637632909,5
637567377,5
637632913,5
637567381,5
637632917,5
637567385,5
637632921,5
637567389,5
637632925,5
637567501,5
637633037,5
637567505,5
637633041,5
637567509,5
637633045,5
637567513,5
637633049,5
637567517,5
637633053,5
637567629,5
637633165,5
637567633,5
637633169,5
637567637,5
637633173,5
637567641,5
637633177,5
637567645,5
637633181,5
637567757,5
637633293,5
637567761,5
637633297,5
637567765,5
637633301,5
637567769,5
637633305,5
637567773,5
637633309,5
637567885,5
637633421,5
637567889,5
637633425,5
637567893,5
637633429,5
637567897,5
637633433,5
637567901,5
637633437,5
637568013,5
637633549,5
637568017,5
637633553,5
637568021,5
637633557,5
637568025,5
637633561,5
637568029,5
637633565,5
637568141,5
637633677,5
637568145,5
637633681,5
637568149,5
637633685,5
637568153,5
637633689,5
637568157,5
637633693,5
637568269,5
637633805,5
637568273,5
637633809,5
637568277,5
637633813,5
637568281,5
637633817,5
637568285,5
637633821,5
637568397,5
637633933,5
637568401,5
637633937,5
637568405,5
637633941,5
637568409,5
637633945,5
637568413,5
637633949,5
637569037,5
637634573,5
637569041,5
637634577,5
637569045,5
637634581,5
637569049,5
637634585,5
637569053,5
637634589,5
637569165,5
637634701,5
637569169,5
637634705,5
637569173,5
637634709,5
637569177,5
637634713,5
637569181,5
637634717,5
637569293,5
637634829,5
637569297,5
637634833,5
637569301,5
637634837,5
637569305,5
637634841,5
637569309,5
637634845,5
637569421,5
637634957,5
637569425,5
637634961,5
637569429,5
637634965,5
637569433,5
637634969,5
637569437,5
637634973,5
637569549,5
637635085,5
637569553,5
637635089,5
637569557,5
637635093,5
637569561,5
637635097,5
637569565,5
637635101,5
637569677,5
637635213,5
637569681,5
637635217,5
637569685,5
637635221,5
637569689,5
637635225,5
637569693,5
637635229,5
637569805,5
637635341,5
637569809,5
637635345,5
637569813,5
637635349,5
637569817,5
637635353,5
637569821,5
637635357,5
637569933,5
637635469,5
637569937,5
637635473,5
637569941,5
637635477,5
637569945,5
637635481,5
637569949,5
637635485,5
637570061,5
637635597,5
637570065,5
637635601,5
637570069,5
637635605,5
637570073,5
637635609,5
637570077,5
637635613,5
637570189,5
637635725,5
637570193,5
637635729,5
637570197,5
637635733,5
637570201,5
637635737,5
637570205,5
637635741,5
637570317,5
637635853,5
637570321,5
637635857,5
637570325,5
637635861,5
637570329,5
637635865,5
637570333,5
637635869,5
637570445,5
637635981,5
637570449,5
637635985,5
637570453,5
637635989,5
637570457,5
637635993,5
637570461,5
637635997,5
637567021,5
637632557,5
637567025,5
637599793,5
637632561,5
637567029,5
637599797,5
637632565,5
637567033,5
637599801,5
637632569,5
637567037,5
637632573,5
637567149,5
637632685,5
637567153,5
637599921,5
637632689,5
637567157,5
637599925,5
637632693,5
637567161,5
637599929,5
637632697,5
637567165,5
637632701,5
637567277,5
637632813,5
637567281,5
637600049,5
637632817,5
637567285,5
637600053,5
637632821,5
637567289,5
637600057,5
637632825,5
637567293,5
637632829,5
637567405,5
637632941,5
637567409,5
637600177,5
637632945,5
637567413,5
637600181,5
637632949,5
637567417,5
637600185,5
637632953,5
637567421,5
637632957,5
637567533,5
637633069,5
637567537,5
637600305,5
637633073,5
637567541,5
637600309,5
637633077,5
637567545,5
637600313,5
637633081,5
637567549,5
637633085,5
637567661,5
637633197,5
637567665,5
637600433,5
637633201,5
637567669,5
637600437,5
637633205,5
637567673,5
637600441,5
637633209,5
637567677,5
637633213,5
637567789,5
637633325,5
637567793,5
637600561,5
637633329,5
637567797,5
637600565,5
637633333,5
637567801,5
637600569,5
637633337,5
637567805,5
637633341,5
637567917,5
637633453,5
637567921,5
637600689,5
637633457,5
637567925,5
637600693,5
637633461,5
637567929,5
637600697,5
637633465,5
637567933,5
637633469,5
637568045,5
637633581,5
637568049,5
637600817,5
637633585,5
637568053,5
637600821,5
637633589,5
637568057,5
637600825,5
637633593,5
637568061,5
637633597,5
637568173,5
637633709,5
637568177,5
637600945,5
637633713,5
637568181,5
637600949,5
637633717,5
637568185,5
637600953,5
637633721,5
637568189,5
637633725,5
637568301,5
637633837,5
637568305,5
637601073,5
637633841,5
637568309,5
637601077,5
637633845,5
637568313,5
637601081,5
637633849,5
637568317,5
637633853,5
637568429,5
637633965,5
637568433,5
637601201,5
637633969,5
637568437,5
637601205,5
637633973,5
637568441,5
637601209,5
637633977,5
637568445,5
637633981,5
637569069,5
637601837,5
637634605,5
637569073,5
637634609,5
637569077,5
637634613,5
637569081,5
637634617,5
637569085,5
637601853,5
637634621,5
637569197,5
637601965,5
637634733,5
637569201,5
637634737,5
637569205,5
637634741,5
637569209,5
637634745,5
637569213,5
637601981,5
637634749,5
637569325,5
637602093,5
637634861,5
637569329,5
637634865,5
637569333,5
637634869,5
637569337,5
637634873,5
637569341,5
637602109,5
637634877,5
637569453,5
637602221,5
637634989,5
637569457,5
637634993,5
637569461,5
637634997,5
637569465,5
637635001,5
637569469,5
637602237,5
637635005,5
637569581,5
637602349,5
637635117,5
637569585,5
637635121,5
637569589,5
637635125,5
637569593,5
637635129,5
637569597,5
637602365,5
637635133,5
637569709,5
637602477,5
637635245,5
637569713,5
637635249,5
637569717,5
637635253,5
637569721,5
637635257,5
637569725,5
637602493,5
637635261,5
637569837,5
637602605,5
637635373,5
637569841,5
637635377,5
637569845,5
637635381,5
637569849,5
637635385,5
637569853,5
637602621,5
637635389,5
637569965,5
637602733,5
637635501,5
637569969,5
637635505,5
637569973,5
637635509,5
637569977,5
637635513,5
637569981,5
637602749,5
637635517,5
637570093,5
637602861,5
637635629,5
637570097,5
637635633,5
637570101,5
637635637,5
637570105,5
637635641,5
637570109,5
637602877,5
637635645,5
637570221,5
637602989,5
637635757,5
637570225,5
637635761,5
637570229,5
637635765,5
637570233,5
637635769,5
637570237,5
637603005,5
637635773,5
637570349,5
637603117,5
637635885,5
637570353,5
637635889,5
637570357,5
637635893,5
637570361,5
637635897,5
637570365,5
637603133,5
637635901,5
637570477,5
637603245,5
637636013,5
637570481,5
637636017,5
637570485,5
637636021,5
637570489,5
637636025,5
637570493,5
637603261,5
637636029,5
637567053,5
637632589,5
637567057,5
637632593,5
637567061,5
637632597,5
637567065,5
637632601,5
637567069,5
637632605,5
637567181,5
637632717,5
637567185,5
637632721,5
637567189,5
637632725,5
637567193,5
637632729,5
637567197,5
637632733,5
637567309,5
637632845,5
637567313,5
637632849,5
637567317,5
637632853,5
637567321,5
637632857,5
637567325,5
637632861,5
637567437,5
637632973,5
637567441,5
637632977,5
637567445,5
637632981,5
637567449,5
637632985,5
637567453,5
637632989,5
637567565,5
637633101,5
637567569,5
637633105,5
637567573,5
637633109,5
637567577,5
637633113,5
637567581,5
637633117,5
637567693,5
637633229,5
637567697,5
637633233,5
637567701,5
637633237,5
637567705,5
637633241,5
637567709,5
637633245,5
637567821,5
637633357,5
637567825,5
637633361,5
637567829,5
637633365,5
637567833,5
637633369,5
637567837,5
637633373,5
637567949,5
637633485,5
637567953,5
637633489,5
637567957,5
637633493,5
637567961,5
637633497,5
637567965,5
637633501,5
637568077,5
637633613,5
637568081,5
637633617,5
637568085,5
637633621,5
637568089,5
637633625,5
637568093,5
637633629,5
637568205,5
637633741,5
637568209,5
637633745,5
637568213,5
637633749,5
637568217,5
637633753,5
637568221,5
637633757,5
637568333,5
637633869,5
637568337,5
637633873,5
637568341,5
637633877,5
637568345,5
637633881,5
637568349,5
637633885,5
637568461,5
637633997,5
637568465,5
637634001,5
637568469,5
637634005,5
637568473,5
637634009,5
637568477,5
637634013,5
637571149,5
637636685,5
637571153,5
637636689,5
637571157,5
637636693,5
637571161,5
637636697,5
637571165,5
637636701,5
637571277,5
637636813,5
637571281,5
637636817,5
637571285,5
637636821,5
637571289,5
637636825,5
637571293,5
637636829,5
637571405,5
637636941,5
637571409,5
637636945,5
637571413,5
637636949,5
637571417,5
637636953,5
637571421,5
637636957,5
637571533,5
637637069,5
637571537,5
637637073,5
637571541,5
637637077,5
637571545,5
637637081,5
637571549,5
637637085,5
637571661,5
637637197,5
637571665,5
637637201,5
637571669,5
637637205,5
637571673,5
637637209,5
637571677,5
637637213,5
637571789,5
637637325,5
637571793,5
637637329,5
637571797,5
637637333,5
637571801,5
637637337,5
637571805,5
637637341,5
637571917,5
637637453,5
637571921,5
637637457,5
637571925,5
637637461,5
637571929,5
637637465,5
637571933,5
637637469,5
637572045,5
637637581,5
637572049,5
637637585,5
637572053,5
637637589,5
637572057,5
637637593,5
637572061,5
637637597,5
637572173,5
637637709,5
637572177,5
637637713,5
637572181,5
637637717,5
637572185,5
637637721,5
637572189,5
637637725,5
637572301,5
637637837,5
637572305,5
637637841,5
637572309,5
637637845,5
637572313,5
637637849,5
637572317,5
637637853,5
637572429,5
637637965,5
637572433,5
637637969,5
637572437,5
637637973,5
637572441,5
637637977,5
637572445,5
637637981,5
637572557,5
637638093,5
637572561,5
637638097,5
637572565,5
637638101,5
637572569,5
637638105,5
637572573,5
637638109,5
637567085,5
637632621,5
637567089,5
637632625,5
637567093,5
637632629,5
637567097,5
637632633,5
637567101,5
637632637,5
637567213,5
637632749,5
637567217,5
637632753,5
637567221,5
637632757,5
637567225,5
637632761,5
637567229,5
637632765,5
637567341,5
637632877,5
637567345,5
637632881,5
637567349,5
637632885,5
637567353,5
637632889,5
637567357,5
637632893,5
637567469,5
637633005,5
637567473,5
637633009,5
637567477,5
637633013,5
637567481,5
637633017,5
637567485,5
637633021,5
637567597,5
637633133,5
637567601,5
637633137,5
637567605,5
637633141,5
637567609,5
637633145,5
637567613,5
637633149,5
637567725,5
637633261,5
637567729,5
637633265,5
637567733,5
637633269,5
637567737,5
637633273,5
637567741,5
637633277,5
637567853,5
637633389,5
637567857,5
637633393,5
637567861,5
637633397,5
637567865,5
637633401,5
637567869,5
637633405,5
637567981,5
637633517,5
637567985,5
637633521,5
637567989,5
637633525,5
637567993,5
637633529,5
637567997,5
637633533,5
637568109,5
637633645,5
637568113,5
637633649,5
637568117,5
637633653,5
637568121,5
637633657,5
637568125,5
637633661,5
637568237,5
637633773,5
637568241,5
637633777,5
637568245,5
637633781,5
637568249,5
637633785,5
637568253,5
637633789,5
637568365,5
637633901,5
637568369,5
637633905,5
637568373,5
637633909,5
637568377,5
637633913,5
637568381,5
637633917,5
637568493,5
637634029,5
637568497,5
637634033,5
637568501,5
637634037,5
637568505,5
637634041,5
637568509,5
637634045,5
637571181,5
637636717,5
637571185,5
637636721,5
637571189,5
637636725,5
637571193,5
637636729,5
637571197,5
637636733,5
637571309,5
637636845,5
637571313,5
637636849,5
637571317,5
637636853,5
637571321,5
637636857,5
637571325,5
637636861,5
637571437,5
637636973,5
637571441,5
637636977,5
637571445,5
637636981,5
637571449,5
637636985,5
637571453,5
637636989,5
637571565,5
637637101,5
637571569,5
637637105,5
637571573,5
637637109,5
637571577,5
637637113,5
637571581,5
637637117,5
637571693,5
637637229,5
637571697,5
637637233,5
637571701,5
637637237,5
637571705,5
637637241,5
637571709,5
637637245,5
637571821,5
637637357,5
637571825,5
637637361,5
637571829,5
637637365,5
637571833,5
637637369,5
637571837,5
637637373,5
637571949,5
637637485,5
637571953,5
637637489,5
637571957,5
637637493,5
637571961,5
637637497,5
637571965,5
637637501,5
637572077,5
637637613,5
637572081,5
637637617,5
637572085,5
637637621,5
637572089,5
637637625,5
637572093,5
637637629,5
637572333,5
637637869,5
637572337,5
637637873,5
637572341,5
637637877,5
637572345,5
637637881,5
637572349,5
637637885,5
637572589,5
637638125,5
637572593,5
637638129,5
637572597,5
637638133,5
637572601,5
637638137,5
637572605,5
637638141,5
637575661,5
637641197,5
637575665,5
637641201,5
637575669,5
637641205,5
637575673,5
637641209,5
637575677,5
637641213,5
637579757,5
637645293,5
637579761,5
637645297,5
637579765,5
637645301,5
637579769,5
637645305,5
637579773,5
637645309,5
637566980,5
637599748,5
637632516,5
637566982,5
637599750,5
637632518,5
637566984,8
637599752,8
637632520,8
637566986,8
637599754,8
637632522,8
637567108,5
637599876,5
637632644,5
637567110,5
637599878,5
637632646,5
637567112,8
637599880,8
637632648,8
637567114,8
637599882,8
637632650,8
637567236,5
637600004,5
637632772,5
637567238,5
637600006,5
637632774,5
637567240,8
637600008,8
637632776,8
637567242,8
637600010,8
637632778,8
637567364,5
637600132,5
637632900,5
637567366,5
637600134,5
637632902,5
637567368,8
637600136,8
637632904,8
637567370,8
637600138,8
637632906,8
637567492,5
637600260,5
637633028,5
637567494,5
637600262,5
637633030,5
637567496,8
637600264,8
637633032,8
637567498,8
637600266,8
637633034,8
637567620,5
637600388,5
637633156,5
637567622,5
637600390,5
637633158,5
637567624,8
637600392,8
637633160,8
637567626,8
637600394,8
637633162,8
637571076,5
637603844,5
637636612,5
637571078,5
637603846,5
637636614,5
637571080,8
637603848,8
637636616,8
637571082,8
637603850,8
637636618,8
637571204,5
637603972,5
637636740,5
637571206,5
637603974,5
637636742,5
637571208,8
637603976,8
637636744,8
637571210,8
637603978,8
637636746,8
637571332,5
637604100,5
637636868,5
637571334,5
637604102,5
637636870,5
637571336,8
637604104,8
637636872,8
637571338,8
637604106,8
637636874,8
637571460,5
637604228,5
637636996,5
637571462,5
637604230,5
637636998,5
637571464,8
637604232,8
637637000,8
637571466,8
637604234,8
637637002,8
637571588,5
637604356,5
637637124,5
637571590,5
637604358,5
637637126,5
637571592,8
637604360,8
637637128,8
637571594,8
637604362,8
637637130,8
637571716,5
637604484,5
637637252,5
637571718,5
637604486,5
637637254,5
637571720,8
637604488,8
637637256,8
637571722,8
637604490,8
637637258,8
637575172,5
637607940,5
637640708,5
637575174,5
637607942,5
637640710,5
637575176,8
637607944,8
637640712,8
637575178,8
637607946,8
637640714,8
637575300,5
637608068,5
637640836,5
637575302,5
637608070,5
637640838,5
637575304,8
637608072,8
637640840,8
637575306,8
637608074,8
637640842,8
637575428,5
637608196,5
637640964,5
637575430,5
637608198,5
637640966,5
637575432,8
637608200,8
637640968,8
637575434,8
637608202,8
637640970,8
637575556,5
637608324,5
637641092,5
637575558,5
637608326,5
637641094,5
637575560,8
637608328,8
637641096,8
637575562,8
637608330,8
637641098,8
637575684,5
637608452,5
637641220,5
637575686,5
637608454,5
637641222,5
637575688,8
637608456,8
637641224,8
637575690,8
637608458,8
637641226,8
637575812,5
637608580,5
637641348,5
637575814,5
637608582,5
637641350,5
637575816,8
637608584,8
637641352,8
637575818,8
637608586,8
637641354,8
637579268,5
637612036,5
637644804,5
637579270,5
637612038,5
637644806,5
637579272,8
637612040,8
637644808,8
637579274,8
637612042,8
637644810,8
637579396,5
637612164,5
637644932,5
637579398,5
637612166,5
637644934,5
637579400,8
637612168,8
637644936,8
637579402,8
637612170,8
637644938,8
637579524,5
637612292,5
637645060,5
637579526,5
637612294,5
637645062,5
637579528,8
637612296,8
637645064,8
637579530,8
637612298,8
637645066,8
637579652,5
637612420,5
637645188,5
637579654,5
637612422,5
637645190,5
637579656,8
637612424,8
637645192,8
637579658,8
637612426,8
637645194,8
637579780,5
637612548,5
637645316,5
637579782,5
637612550,5
637645318,5
637579784,8
637612552,8
637645320,8
637579786,8
637612554,8
637645322,8
637579908,5
637612676,5
637645444,5
637579910,5
637612678,5
637645446,5
637579912,8
637612680,8
637645448,8
637579914,8
637612682,8
637645450,8
637583364,5
637616132,5
637648900,5
637583366,5
637616134,5
637648902,5
637583368,8
637616136,8
637648904,8
637583370,8
637616138,8
637648906,8
637583492,5
637616260,5
637649028,5
637583494,5
637616262,5
637649030,5
637583496,8
637616264,8
637649032,8
637583498,8
637616266,8
637649034,8
637583620,5
637616388,5
637649156,5
637583622,5
637616390,5
637649158,5
637583624,8
637616392,8
637649160,8
637583626,8
637616394,8
637649162,8
637583748,5
637616516,5
637649284,5
637583750,5
637616518,5
637649286,5
637583752,8
637616520,8
637649288,8
637583754,8
637616522,8
637649290,8
637583876,5
637616644,5
637649412,5
637583878,5
637616646,5
637649414,5
637583880,8
637616648,8
637649416,8
637583882,8
637616650,8
637649418,8
637584004,5
637616772,5
637649540,5
637584006,5
637616774,5
637649542,5
637584008,8
637616776,8
637649544,8
637584010,8
637616778,8
637649546,8
637587460,5
637620228,5
637652996,5
637587462,5
637620230,5
637652998,5
637587464,8
637620232,8
637653000,8
637587466,8
637620234,8
637653002,8
637587588,5
637620356,5
637653124,5
637587590,5
637620358,5
637653126,5
637587592,8
637620360,8
637653128,8
637587594,8
637620362,8
637653130,8
637587716,5
637620484,5
637653252,5
637587718,5
637620486,5
637653254,5
637587720,8
637620488,8
637653256,8
637587722,8
637620490,8
637653258,8
637587844,5
637620612,5
637653380,5
637587846,5
637620614,5
637653382,5
637587848,8
637620616,8
637653384,8
637587850,8
637620618,8
637653386,8
637587972,5
637620740,5
637653508,5
637587974,5
637620742,5
637653510,5
637587976,8
637620744,8
637653512,8
637587978,8
637620746,8
637653514,8
637588100,5
637620868,5
637653636,5
637588102,5
637620870,5
637653638,5
637588104,8
637620872,8
637653640,8
637588106,8
637620874,8
637653642,8
637567012,5
637599780,5
637632548,5
637567014,5
637599782,5
637632550,5
637567016,8
637599784,8
637632552,8
637567018,8
637599786,8
637632554,8
637567140,5
637599908,5
637632676,5
637567142,5
637599910,5
637632678,5
637567144,8
637599912,8
637632680,8
637567146,8
637599914,8
637632682,8
637567268,5
637600036,5
637632804,5
637567270,5
637600038,5
637632806,5
637567272,8
637600040,8
637632808,8
637567274,8
637600042,8
637632810,8
637567396,5
637600164,5
637632932,5
637567398,5
637600166,5
637632934,5
637567400,8
637600168,8
637632936,8
637567402,8
637600170,8
637632938,8
637567524,5
637600292,5
637633060,5
637567526,5
637600294,5
637633062,5
637567528,8
637600296,8
637633064,8
637567530,8
637600298,8
637633066,8
637567652,5
637600420,5
637633188,5
637567654,5
637600422,5
637633190,5
637567656,8
637600424,8
637633192,8
637567658,8
637600426,8
637633194,8
637571108,5
637603876,5
637636644,5
637571110,5
637603878,5
637636646,5
637571112,8
637603880,8
637636648,8
637571114,8
637603882,8
637636650,8
637571236,5
637604004,5
637636772,5
637571238,5
637604006,5
637636774,5
637571240,8
637604008,8
637636776,8
637571242,8
637604010,8
637636778,8
637571364,5
637604132,5
637636900,5
637571366,5
637604134,5
637636902,5
637571368,8
637604136,8
637636904,8
637571370,8
637604138,8
637636906,8
637571492,5
637604260,5
637637028,5
637571494,5
637604262,5
637637030,5
637571496,8
637604264,8
637637032,8
637571498,8
637604266,8
637637034,8
637571620,5
637604388,5
637637156,5
637571622,5
637604390,5
637637158,5
637571624,8
637604392,8
637637160,8
637571626,8
637604394,8
637637162,8
637571748,5
637604516,5
637637284,5
637571750,5
637604518,5
637637286,5
637571752,8
637604520,8
637637288,8
637571754,8
637604522,8
637637290,8
637575204,5
637607972,5
637640740,5
637575206,5
637607974,5
637640742,5
637575208,8
637607976,8
637640744,8
637575210,8
637607978,8
637640746,8
637575332,5
637608100,5
637640868,5
637575334,5
637608102,5
637640870,5
637575336,8
637608104,8
637640872,8
637575338,8
637608106,8
637640874,8
637575460,5
637608228,5
637640996,5
637575462,5
637608230,5
637640998,5
637575464,8
637608232,8
637641000,8
637575466,8
637608234,8
637641002,8
637575588,5
637608356,5
637641124,5
637575590,5
637608358,5
637641126,5
637575592,8
637608360,8
637641128,8
637575594,8
637608362,8
637641130,8
637575716,5
637608484,5
637641252,5
637575718,5
637608486,5
637641254,5
637575720,8
637608488,8
637641256,8
637575722,8
637608490,8
637641258,8
637575844,5
637608612,5
637641380,5
637575846,5
637608614,5
637641382,5
637575848,8
637608616,8
637641384,8
637575850,8
637608618,8
637641386,8
637579300,5
637612068,5
637644836,5
637579302,5
637612070,5
637644838,5
637579304,8
637612072,8
637644840,8
637579306,8
637612074,8
637644842,8
637579428,5
637612196,5
637644964,5
637579430,5
637612198,5
637644966,5
637579432,8
637612200,8
637644968,8
637579434,8
637612202,8
637644970,8
637579556,5
637612324,5
637645092,5
637579558,5
637612326,5
637645094,5
637579560,8
637612328,8
637645096,8
637579562,8
637612330,8
637645098,8
637579684,5
637612452,5
637645220,5
637579686,5
637612454,5
637645222,5
637579688,8
637612456,8
637645224,8
637579690,8
637612458,8
637645226,8
637579812,5
637612580,5
637645348,5
637579814,5
637612582,5
637645350,5
637579816,8
637612584,8
637645352,8
637579818,8
637612586,8
637645354,8
637579940,5
637612708,5
637645476,5
637579942,5
637612710,5
637645478,5
637579944,8
637612712,8
637645480,8
637579946,8
637612714,8
637645482,8
637583396,5
637616164,5
637648932,5
637583398,5
637616166,5
637648934,5
637583400,8
637616168,8
637648936,8
637583402,8
637616170,8
637648938,8
637583524,5
637616292,5
637649060,5
637583526,5
637616294,5
637649062,5
637583528,8
637616296,8
637649064,8
637583530,8
637616298,8
637649066,8
637583652,5
637616420,5
637649188,5
637583654,5
637616422,5
637649190,5
637583656,8
637616424,8
637649192,8
637583658,8
637616426,8
637649194,8
637583780,5
637616548,5
637649316,5
637583782,5
637616550,5
637649318,5
637583784,8
637616552,8
637649320,8
637583786,8
637616554,8
637649322,8
637583908,5
637616676,5
637649444,5
637583910,5
637616678,5
637649446,5
637583912,8
637616680,8
637649448,8
637583914,8
637616682,8
637649450,8
637584036,5
637616804,5
637649572,5
637584038,5
637616806,5
637649574,5
637584040,8
637616808,8
637649576,8
637584042,8
637616810,8
637649578,8
637587492,5
637620260,5
637653028,5
637587494,5
637620262,5
637653030,5
637587496,8
637620264,8
637653032,8
637587498,8
637620266,8
637653034,8
637587620,5
637620388,5
637653156,5
637587622,5
637620390,5
637653158,5
637587624,8
637620392,8
637653160,8
637587626,8
637620394,8
637653162,8
637587748,5
637620516,5
637653284,5
637587750,5
637620518,5
637653286,5
637587752,8
637620520,8
637653288,8
637587754,8
637620522,8
637653290,8
637587876,5
637620644,5
637653412,5
637587878,5
637620646,5
637653414,5
637587880,8
637620648,8
637653416,8
637587882,8
637620650,8
637653418,8
637588004,5
637620772,5
637653540,5
637588006,5
637620774,5
637653542,5
637588008,8
637620776,8
637653544,8
637588010,8
637620778,8
637653546,8
637588132,5
637620900,5
637653668,5
637588134,5
637620902,5
637653670,5
637588136,8
637620904,8
637653672,8
637588138,8
637620906,8
637653674,8
637567040,5
637599808,5
637632576,5
637665344,5
637698112,5
637567042,5
637599810,5
637632578,5
637665346,5
637698114,5
637567044,5
637599812,5
637632580,5
637567046,5
637599814,5
637632582,5
637567048,5
637599816,5
637632584,5
637567050,5
637599818,5
637632586,5
637567168,5
637599936,5
637632704,5
637665472,5
637698240,5
637567170,5
637599938,5
637632706,5
637665474,5
637698242,5
637567172,5
637599940,5
637632708,5
637567174,5
637599942,5
637632710,5
637567176,5
637599944,5
637632712,5
637567178,5
637599946,5
637632714,5
637567296,5
637600064,5
637632832,5
637665600,5
637698368,5
637567298,5
637600066,5
637632834,5
637665602,5
637698370,5
637567300,5
637600068,5
637632836,5
637567302,5
637600070,5
637632838,5
637567304,5
637600072,5
637632840,5
637567306,5
637600074,5
637632842,5
637567424,5
637600192,5
637632960,5
637665728,5
637698496,5
637567426,5
637600194,5
637632962,5
637665730,5
637698498,5
637567428,5
637600196,5
637632964,5
637567430,5
637600198,5
637632966,5
637567432,5
637600200,5
637632968,5
637567434,5
637600202,5
637632970,5
637567552,5
637600320,5
637633088,5
637665856,5
637698624,5
637567554,5
637600322,5
637633090,5
637665858,5
637698626,5
637567556,5
637600324,5
637633092,5
637567558,5
637600326,5
637633094,5
637567560,5
637600328,5
637633096,5
637567562,5
637600330,5
637633098,5
637567680,5
637600448,5
637633216,5
637665984,5
637698752,5
637567682,5
637600450,5
637633218,5
637665986,5
637698754,5
637567684,5
637600452,5
637633220,5
637567686,5
637600454,5
637633222,5
637567688,5
637600456,5
637633224,5
637567690,5
637600458,5
637633226,5
637571136,5
637603904,5
637636672,5
637669440,5
637702208,5
637571138,5
637603906,5
637636674,5
637669442,5
637702210,5
637571140,5
637603908,5
637636676,5
637571142,5
637603910,5
637636678,5
637571144,5
637603912,5
637636680,5
637571146,5
637603914,5
637636682,5
637571264,5
637604032,5
637636800,5
637669568,5
637702336,5
637571266,5
637604034,5
637636802,5
637669570,5
637702338,5
637571268,5
637604036,5
637636804,5
637571270,5
637604038,5
637636806,5
637571272,5
637604040,5
637636808,5
637571274,5
637604042,5
637636810,5
637571392,5
637604160,5
637636928,5
637669696,5
637702464,5
637571394,5
637604162,5
637636930,5
637669698,5
637702466,5
637571396,5
637604164,5
637636932,5
637571398,5
637604166,5
637636934,5
637571400,5
637604168,5
637636936,5
637571402,5
637604170,5
637636938,5
637571520,5
637604288,5
637637056,5
637669824,5
637702592,5
637571522,5
637604290,5
637637058,5
637669826,5
637702594,5
637571524,5
637604292,5
637637060,5
637571526,5
637604294,5
637637062,5
637571528,5
637604296,5
637637064,5
637571530,5
637604298,5
637637066,5
637571648,5
637604416,5
637637184,5
637669952,5
637702720,5
637571650,5
637604418,5
637637186,5
637669954,5
637702722,5
637571652,5
637604420,5
637637188,5
637571654,5
637604422,5
637637190,5
637571656,5
637604424,5
637637192,5
637571658,5
637604426,5
637637194,5
637571776,5
637604544,5
637637312,5
637670080,5
637702848,5
637571778,5
637604546,5
637637314,5
637670082,5
637702850,5
637571780,5
637604548,5
637637316,5
637571782,5
637604550,5
637637318,5
637571784,5
637604552,5
637637320,5
637571786,5
637604554,5
637637322,5
637575232,5
637608000,5
637640768,5
637673536,5
637706304,5
637575234,5
637608002,5
637640770,5
637673538,5
637706306,5
637575236,5
637608004,5
637640772,5
637575238,5
637608006,5
637640774,5
637575240,5
637608008,5
637640776,5
637575242,5
637608010,5
637640778,5
637575360,5
637608128,5
637640896,5
637673664,5
637706432,5
637575362,5
637608130,5
637640898,5
637673666,5
637706434,5
637575364,5
637608132,5
637640900,5
637575366,5
637608134,5
637640902,5
637575368,5
637608136,5
637640904,5
637575370,5
637608138,5
637640906,5
637575488,5
637608256,5
637641024,5
637673792,5
637706560,5
637575490,5
637608258,5
637641026,5
637673794,5
637706562,5
637575492,5
637608260,5
637641028,5
637575494,5
637608262,5
637641030,5
637575496,5
637608264,5
637641032,5
637575498,5
637608266,5
637641034,5
637575616,5
637608384,5
637641152,5
637673920,5
637706688,5
637575618,5
637608386,5
637641154,5
637673922,5
637706690,5
637575620,5
637608388,5
637641156,5
637575622,5
637608390,5
637641158,5
637575624,5
637608392,5
637641160,5
637575626,5
637608394,5
637641162,5
637575744,5
637608512,5
637641280,5
637674048,5
637706816,5
637575746,5
637608514,5
637641282,5
637674050,5
637706818,5
637575748,5
637608516,5
637641284,5
637575750,5
637608518,5
637641286,5
637575752,5
637608520,5
637641288,5
637575754,5
637608522,5
637641290,5
637575872,5
637608640,5
637641408,5
637674176,5
637706944,5
637575874,5
637608642,5
637641410,5
637674178,5
637706946,5
637575876,5
637608644,5
637641412,5
637575878,5
637608646,5
637641414,5
637575880,5
637608648,5
637641416,5
637575882,5
637608650,5
637641418,5
637579332,5
637612100,5
637644868,5
637579334,5
637612102,5
637644870,5
637579336,5
637612104,5
637644872,5
637579338,5
637612106,5
637644874,5
637579460,5
637612228,5
637644996,5
637579462,5
637612230,5
637644998,5
637579464,5
637612232,5
637645000,5
637579466,5
637612234,5
637645002,5
637579588,5
637612356,5
637645124,5
637579590,5
637612358,5
637645126,5
637579592,5
637612360,5
637645128,5
637579594,5
637612362,5
637645130,5
637579716,5
637612484,5
637645252,5
637579718,5
637612486,5
637645254,5
637579720,5
637612488,5
637645256,5
637579722,5
637612490,5
637645258,5
637579844,5
637612612,5
637645380,5
637579846,5
637612614,5
637645382,5
637579848,5
637612616,5
637645384,5
637579850,5
637612618,5
637645386,5
637579972,5
637612740,5
637645508,5
637579974,5
637612742,5
637645510,5
637579976,5
637612744,5
637645512,5
637579978,5
637612746,5
637645514,5
637583428,5
637616196,5
637648964,5
637583430,5
637616198,5
637648966,5
637583432,5
637616200,5
637648968,5
637583434,5
637616202,5
637648970,5
637583556,5
637616324,5
637649092,5
637583558,5
637616326,5
637649094,5
637583560,5
637616328,5
637649096,5
637583562,5
637616330,5
637649098,5
637583684,5
637616452,5
637649220,5
637583686,5
637616454,5
637649222,5
637583688,5
637616456,5
637649224,5
637583690,5
637616458,5
637649226,5
637583812,5
637616580,5
637649348,5
637583814,5
637616582,5
637649350,5
637583816,5
637616584,5
637649352,5
637583818,5
637616586,5
637649354,5
637583940,5
637616708,5
637649476,5
637583942,5
637616710,5
637649478,5
637583944,5
637616712,5
637649480,5
637583946,5
637616714,5
637649482,5
637584068,5
637616836,5
637649604,5
637584070,5
637616838,5
637649606,5
637584072,5
637616840,5
637649608,5
637584074,5
637616842,5
637649610,5
637587524,5
637620292,5
637653060,5
637587526,5
637620294,5
637653062,5
637587528,5
637620296,5
637653064,5
637587530,5
637620298,5
637653066,5
637587652,5
637620420,5
637653188,5
637587654,5
637620422,5
637653190,5
637587656,5
637620424,5
637653192,5
637587658,5
637620426,5
637653194,5
637587780,5
637620548,5
637653316,5
637587782,5
637620550,5
637653318,5
637587784,5
637620552,5
637653320,5
637587786,5
637620554,5
637653322,5
637587908,5
637620676,5
637653444,5
637587910,5
637620678,5
637653446,5
637587912,5
637620680,5
637653448,5
637587914,5
637620682,5
637653450,5
637588036,5
637620804,5
637653572,5
637588038,5
637620806,5
637653574,5
637588040,5
637620808,5
637653576,5
637588042,5
637620810,5
637653578,5
637588164,5
637620932,5
637653700,5
637588166,5
637620934,5
637653702,5
637588168,5
637620936,5
637653704,5
637588170,5
637620938,5
637653706,5
637567072,5
637599840,5
637632608,5
637665376,5
637698144,5
637567074,5
637599842,5
637632610,5
637665378,5
637698146,5
637567076,5
637599844,5
637632612,5
637567078,5
637599846,5
637632614,5
637567080,5
637599848,5
637632616,5
637567082,5
637599850,5
637632618,5
637567200,5
637599968,5
637632736,5
637665504,5
637698272,5
637567202,5
637599970,5
637632738,5
637665506,5
637698274,5
637567204,5
637599972,5
637632740,5
637567206,5
637599974,5
637632742,5
637567208,5
637599976,5
637632744,5
637567210,5
637599978,5
637632746,5
637567328,5
637600096,5
637632864,5
637665632,5
637698400,5
637567330,5
637600098,5
637632866,5
637665634,5
637698402,5
637567332,5
637600100,5
637632868,5
637567334,5
637600102,5
637632870,5
637567336,5
637600104,5
637632872,5
637567338,5
637600106,5
637632874,5
637567456,5
637600224,5
637632992,5
637665760,5
637698528,5
637567458,5
637600226,5
637632994,5
637665762,5
637698530,5
637567460,5
637600228,5
637632996,5
637567462,5
637600230,5
637632998,5
637567464,5
637600232,5
637633000,5
637567466,5
637600234,5
637633002,5
637567584,5
637600352,5
637633120,5
637665888,5
637698656,5
637567586,5
637600354,5
637633122,5
637665890,5
637698658,5
637567588,5
637600356,5
637633124,5
637567590,5
637600358,5
637633126,5
637567592,5
637600360,5
637633128,5
637567594,5
637600362,5
637633130,5
637567712,5
637600480,5
637633248,5
637666016,5
637698784,5
637567714,5
637600482,5
637633250,5
637666018,5
637698786,5
637567716,5
637600484,5
637633252,5
637567718,5
637600486,5
637633254,5
637567720,5
637600488,5
637633256,5
637567722,5
637600490,5
637633258,5
637571168,5
637603936,5
637636704,5
637669472,5
637702240,5
637571170,5
637603938,5
637636706,5
637669474,5
637702242,5
637571172,5
637603940,5
637636708,5
637571174,5
637603942,5
637636710,5
637571176,5
637603944,5
637636712,5
637571178,5
637603946,5
637636714,5
637571296,5
637604064,5
637636832,5
637669600,5
637702368,5
637571298,5
637604066,5
637636834,5
637669602,5
637702370,5
637571300,5
637604068,5
637636836,5
637571302,5
637604070,5
637636838,5
637571304,5
637604072,5
637636840,5
637571306,5
637604074,5
637636842,5
637571424,5
637604192,5
637636960,5
637669728,5
637702496,5
637571426,5
637604194,5
637636962,5
637669730,5
637702498,5
637571428,5
637604196,5
637636964,5
637571430,5
637604198,5
637636966,5
637571432,5
637604200,5
637636968,5
637571434,5
637604202,5
637636970,5
637571552,5
637604320,5
637637088,5
637669856,5
637702624,5
637571554,5
637604322,5
637637090,5
637669858,5
637702626,5
637571556,5
637604324,5
637637092,5
637571558,5
637604326,5
637637094,5
637571560,5
637604328,5
637637096,5
637571562,5
637604330,5
637637098,5
637571680,5
637604448,5
637637216,5
637669984,5
637702752,5
637571682,5
637604450,5
637637218,5
637669986,5
637702754,5
637571684,5
637604452,5
637637220,5
637571686,5
637604454,5
637637222,5
637571688,5
637604456,5
637637224,5
637571690,5
637604458,5
637637226,5
637571808,5
637604576,5
637637344,5
637670112,5
637702880,5
637571810,5
637604578,5
637637346,5
637670114,5
637702882,5
637571812,5
637604580,5
637637348,5
637571814,5
637604582,5
637637350,5
637571816,5
637604584,5
637637352,5
637571818,5
637604586,5
637637354,5
637575264,5
637608032,5
637640800,5
637673568,5
637706336,5
637575266,5
637608034,5
637640802,5
637673570,5
637706338,5
637575268,5
637608036,5
637640804,5
637575270,5
637608038,5
637640806,5
637575272,5
637608040,5
637640808,5
637575274,5
637608042,5
637640810,5
637575392,5
637608160,5
637640928,5
637673696,5
637706464,5
637575394,5
637608162,5
637640930,5
637673698,5
637706466,5
637575396,5
637608164,5
637640932,5
637575398,5
637608166,5
637640934,5
637575400,5
637608168,5
637640936,5
637575402,5
637608170,5
637640938,5
637575520,5
637608288,5
637641056,5
637673824,5
637706592,5
637575522,5
637608290,5
637641058,5
637673826,5
637706594,5
637575524,5
637608292,5
637641060,5
637575526,5
637608294,5
637641062,5
637575528,5
637608296,5
637641064,5
637575530,5
637608298,5
637641066,5
637575648,5
637608416,5
637641184,5
637673952,5
637706720,5
637575650,5
637608418,5
637641186,5
637673954,5
637706722,5
637575652,5
637608420,5
637641188,5
637575654,5
637608422,5
637641190,5
637575656,5
637608424,5
637641192,5
637575658,5
637608426,5
637641194,5
637575776,5
637608544,5
637641312,5
637674080,5
637706848,5
637575778,5
637608546,5
637641314,5
637674082,5
637706850,5
637575780,5
637608548,5
637641316,5
637575782,5
637608550,5
637641318,5
637575784,5
637608552,5
637641320,5
637575786,5
637608554,5
637641322,5
637575904,5
637608672,5
637641440,5
637674208,5
637706976,5
637575906,5
637608674,5
637641442,5
637674210,5
637706978,5
637575908,5
637608676,5
637641444,5
637575910,5
637608678,5
637641446,5
637575912,5
637608680,5
637641448,5
637575914,5
637608682,5
637641450,5
637579364,5
637612132,5
637644900,5
637579366,5
637612134,5
637644902,5
637579368,5
637612136,5
637644904,5
637579370,5
637612138,5
637644906,5
637579492,5
637612260,5
637645028,5
637579494,5
637612262,5
637645030,5
637579496,5
637612264,5
637645032,5
637579498,5
637612266,5
637645034,5
637579620,5
637612388,5
637645156,5
637579622,5
637612390,5
637645158,5
637579624,5
637612392,5
637645160,5
637579626,5
637612394,5
637645162,5
637579748,5
637612516,5
637645284,5
637579750,5
637612518,5
637645286,5
637579752,5
637612520,5
637645288,5
637579754,5
637612522,5
637645290,5
637579876,5
637612644,5
637645412,5
637579878,5
637612646,5
637645414,5
637579880,5
637612648,5
637645416,5
637579882,5
637612650,5
637645418,5
637580004,5
637612772,5
637645540,5
637580006,5
637612774,5
637645542,5
637580008,5
637612776,5
637645544,5
637580010,5
637612778,5
637645546,5
637583460,5
637616228,5
637648996,5
637583462,5
637616230,5
637648998,5
637583464,5
637616232,5
637649000,5
637583466,5
637616234,5
637649002,5
637583588,5
637616356,5
637649124,5
637583590,5
637616358,5
637649126,5
637583592,5
637616360,5
637649128,5
637583594,5
637616362,5
637649130,5
637583716,5
637616484,5
637649252,5
637583718,5
637616486,5
637649254,5
637583720,5
637616488,5
637649256,5
637583722,5
637616490,5
637649258,5
637583844,5
637616612,5
637649380,5
637583846,5
637616614,5
637649382,5
637583848,5
637616616,5
637649384,5
637583850,5
637616618,5
637649386,5
637583972,5
637616740,5
637649508,5
637583974,5
637616742,5
637649510,5
637583976,5
637616744,5
637649512,5
637583978,5
637616746,5
637649514,5
637584100,5
637616868,5
637649636,5
637584102,5
637616870,5
637649638,5
637584104,5
637616872,5
637649640,5
637584106,5
637616874,5
637649642,5
637587556,5
637620324,5
637653092,5
637587558,5
637620326,5
637653094,5
637587560,5
637620328,5
637653096,5
637587562,5
637620330,5
637653098,5
637587684,5
637620452,5
637653220,5
637587686,5
637620454,5
637653222,5
637587688,5
637620456,5
637653224,5
637587690,5
637620458,5
637653226,5
637587812,5
637620580,5
637653348,5
637587814,5
637620582,5
637653350,5
637587816,5
637620584,5
637653352,5
637587818,5
637620586,5
637653354,5
637587940,5
637620708,5
637653476,5
637587942,5
637620710,5
637653478,5
637587944,5
637620712,5
637653480,5
637587946,5
637620714,5
637653482,5
637588068,5
637620836,5
637653604,5
637588070,5
637620838,5
637653606,5
637588072,5
637620840,5
637653608,5
637588074,5
637620842,5
637653610,5
637588196,5
637620964,5
637653732,5
637588198,5
637620966,5
637653734,5
637588200,5
637620968,5
637653736,5
637588202,5
637620970,5
637653738,5
